accuracy:0.9699999868869782
loss:0.05666141845285892